  1850    12    31 84600  0.442687191E-01  0.515422196E+03  0.106709906E+05  0.319288224E+02  0.155677846E+04  0.109314409E+03  0.706485497E+04  0.733318246E+04
  1851    12    31 84600  0.399680744E-01  0.505731528E+03  0.106668134E+05  0.314370281E+02  0.155967778E+04  0.109816909E+03  0.706502231E+04  0.733318753E+04
  1852    12    31 84600  0.356114950E-01  0.475166291E+03  0.106215213E+05  0.295781191E+02  0.155753972E+04  0.108219974E+03  0.706481567E+04  0.733318668E+04
  1853    12    31 84600  0.368593888E-01  0.468443289E+03  0.105898672E+05  0.290768984E+02  0.155124908E+04  0.106812924E+03  0.706254719E+04  0.733316178E+04
  1854    12    31 84600  0.380043825E-01  0.470118534E+03  0.105700584E+05  0.292139504E+02  0.154614911E+04  0.106767989E+03  0.705928390E+04  0.733312613E+04
  1855    12    31 84600  0.415239108E-01  0.491605010E+03  0.105842943E+05  0.304763523E+02  0.154440770E+04  0.107672136E+03  0.705600974E+04  0.733309004E+04
  1856    12    31 84600  0.393240820E-01  0.490549503E+03  0.105772306E+05  0.304429065E+02  0.154436236E+04  0.107990279E+03  0.705361963E+04  0.733306234E+04
  1857    12    31 84600  0.348775722E-01  0.462442691E+03  0.105281608E+05  0.288021653E+02  0.154141044E+04  0.106857287E+03  0.705109643E+04  0.733303041E+04
  1858    12    31 84600  0.307576883E-01  0.422739806E+03  0.104417447E+05  0.263571520E+02  0.153188675E+04  0.104287697E+03  0.704658335E+04  0.733297346E+04
  1859    12    31 84600  0.354982730E-01  0.429578843E+03  0.104033331E+05  0.267163123E+02  0.152092722E+04  0.103418030E+03  0.703924121E+04  0.733288282E+04
  1860    12    31 84600  0.385390450E-01  0.454192948E+03  0.103954036E+05  0.281124104E+02  0.151354789E+04  0.103932219E+03  0.703110268E+04  0.733278144E+04
  1861    12    31 84600  0.378844646E-01  0.461108583E+03  0.103813546E+05  0.286391841E+02  0.151098073E+04  0.104946329E+03  0.702384821E+04  0.733268619E+04
  1862    12    31 84600  0.348741567E-01  0.447133491E+03  0.103392967E+05  0.278153635E+02  0.150737994E+04  0.104380324E+03  0.701689290E+04  0.733258806E+04
  1863    12    31 84600  0.366333169E-01  0.452297262E+03  0.103156198E+05  0.280565710E+02  0.150232935E+04  0.103858543E+03  0.700896232E+04  0.733247185E+04
  1864    12    31 84600  0.379331068E-01  0.461149548E+03  0.103049699E+05  0.286462923E+02  0.149985948E+04  0.104452091E+03  0.700108135E+04  0.733234946E+04
  1865    12    31 84600  0.415696488E-01  0.487170898E+03  0.103291515E+05  0.301931890E+02  0.150121802E+04  0.105784680E+03  0.699405141E+04  0.733222911E+04
  1866    12    31 84600  0.394302466E-01  0.488848030E+03  0.103322487E+05  0.303327786E+02  0.150432406E+04  0.106406033E+03  0.698861702E+04  0.733211841E+04
  1867    12    31 84600  0.350569250E-01  0.462658825E+03  0.102936731E+05  0.288104131E+02  0.150434971E+04  0.105487691E+03  0.698363101E+04  0.733200401E+04
  1868    12    31 84600  0.310951925E-01  0.424892595E+03  0.102188732E+05  0.264861596E+02  0.149766724E+04  0.103121324E+03  0.697715579E+04  0.733186498E+04
  1869    12    31 84600  0.357826471E-01  0.432308866E+03  0.101911455E+05  0.268867104E+02  0.148938176E+04  0.102407075E+03  0.696832070E+04  0.733169306E+04
  1870    12    31 84600  0.385355965E-01  0.455636083E+03  0.101907988E+05  0.282031771E+02  0.148413365E+04  0.102919938E+03  0.695901958E+04  0.733151027E+04
  1871    12    31 84600  0.379180532E-01  0.462083934E+03  0.101844107E+05  0.287001127E+02  0.148324560E+04  0.103931180E+03  0.695078343E+04  0.733133248E+04
  1872    12    31 84600  0.348870737E-01  0.447726607E+03  0.101495417E+05  0.278527705E+02  0.148105114E+04  0.103375091E+03  0.694301295E+04  0.733115111E+04
  1873    12    31 84600  0.366750237E-01  0.452858273E+03  0.101330684E+05  0.280912360E+02  0.147723100E+04  0.102874836E+03  0.693441421E+04  0.733095119E+04
  1874    12    31 84600  0.380348651E-01  0.462044093E+03  0.101299325E+05  0.287013936E+02  0.147592545E+04  0.103513028E+03  0.692601268E+04  0.733074497E+04
  1875    12    31 84600  0.417741612E-01  0.488848926E+03  0.101623326E+05  0.302960082E+02  0.147847849E+04  0.104918616E+03  0.691862499E+04  0.733054112E+04
  1876    12    31 84600  0.396059583E-01  0.490769759E+03  0.101730805E+05  0.304519395E+02  0.148278609E+04  0.105600414E+03  0.691301098E+04  0.733034766E+04
  1877    12    31 84600  0.352783597E-01  0.465002192E+03  0.101423167E+05  0.289542087E+02  0.148398166E+04  0.104734942E+03  0.690799642E+04  0.733015113E+04
  1878    12    31 84600  0.313405326E-01  0.427559286E+03  0.100752713E+05  0.266518476E+02  0.147847727E+04  0.102431317E+03  0.690164494E+04  0.732993085E+04
  1879    12    31 84600  0.360215641E-01  0.435068422E+03  0.100549553E+05  0.270600307E+02  0.147134210E+04  0.101767699E+03  0.689307888E+04  0.732967866E+04
  1880    12    31 84600  0.387274003E-01  0.458203669E+03  0.100613114E+05  0.283639018E+02  0.146713450E+04  0.102299857E+03  0.688416219E+04  0.732941647E+04
  1881    12    31 84600  0.382514243E-01  0.465418158E+03  0.100627303E+05  0.289058005E+02  0.146728075E+04  0.103367080E+03  0.687640554E+04  0.732916012E+04
  1882    12    31 84600  0.353154343E-01  0.452015853E+03  0.100362876E+05  0.281173826E+02  0.146624237E+04  0.102904666E+03  0.686925855E+04  0.732890174E+04
  1883    12    31 84600  0.370231790E-01  0.457149496E+03  0.100271756E+05  0.283586282E+02  0.146359621E+04  0.102465602E+03  0.686144119E+04  0.732862668E+04
  1884    12    31 84600  0.383689153E-01  0.466276895E+03  0.100310054E+05  0.289646061E+02  0.146336312E+04  0.103132638E+03  0.685392620E+04  0.732834674E+04
  1885    12    31 84600  0.422730399E-01  0.494023836E+03  0.100716834E+05  0.306155582E+02  0.146702342E+04  0.104613169E+03  0.684752163E+04  0.732807066E+04
  1886    12    31 84600  0.400076306E-01  0.495870504E+03  0.100894915E+05  0.307690572E+02  0.147244167E+04  0.105347357E+03  0.684302338E+04  0.732780704E+04
  1887    12    31 84600  0.357915831E-01  0.470726545E+03  0.100665918E+05  0.293075270E+02  0.147473600E+04  0.104542454E+03  0.683922026E+04  0.732754214E+04
  1888    12    31 84600  0.319795741E-01  0.434314557E+03  0.100083172E+05  0.270693402E+02  0.147045108E+04  0.102342613E+03  0.683420860E+04  0.732725579E+04
  1889    12    31 84600  0.365485852E-01  0.441686140E+03  0.999539400E+04  0.274718700E+02  0.146453166E+04  0.101738877E+03  0.682712809E+04  0.732694018E+04
  1890    12    31 84600  0.390587510E-01  0.463655326E+03  0.100070288E+05  0.287033997E+02  0.146127735E+04  0.102242396E+03  0.681976169E+04  0.732661641E+04
  1891    12    31 84600  0.385104603E-01  0.469788169E+03  0.100128478E+05  0.291795216E+02  0.146211664E+04  0.103268572E+03  0.681354210E+04  0.732629962E+04
  1892    12    31 84600  0.355166073E-01  0.455510575E+03  0.999010226E+04  0.283357275E+02  0.146154788E+04  0.102758434E+03  0.680788984E+04  0.732598182E+04
  1893    12    31 84600  0.372026531E-01  0.460033500E+03  0.998434722E+04  0.285396224E+02  0.145925231E+04  0.102291848E+03  0.680151982E+04  0.732564839E+04
  1894    12    31 84600  0.385562526E-01  0.468897621E+03  0.999148906E+04  0.291280525E+02  0.145931133E+04  0.102945506E+03  0.679541191E+04  0.732531126E+04
  1895    12    31 84600  0.425201250E-01  0.496835323E+03  0.100359243E+05  0.307903509E+02  0.146330578E+04  0.104446004E+03  0.679039560E+04  0.732497945E+04
  1896    12    31 84600  0.401709187E-01  0.498305574E+03  0.100565622E+05  0.309212636E+02  0.146904514E+04  0.105179948E+03  0.678728511E+04  0.732466174E+04
  1897    12    31 84600  0.359185336E-01  0.472756918E+03  0.100360472E+05  0.294341768E+02  0.147159203E+04  0.104360474E+03  0.678484227E+04  0.732434407E+04
  1898    12    31 84600  0.321661154E-01  0.436478786E+03  0.998063595E+04  0.272033856E+02  0.146756133E+04  0.102170750E+03  0.678116054E+04  0.732400625E+04
  1899    12    31 84600  0.367853766E-01  0.444196528E+03  0.997094775E+04  0.276278608E+02  0.146197313E+04  0.101602747E+03  0.677541130E+04  0.732364080E+04
  1900    12    31 84600  0.392563069E-01  0.466139232E+03  0.998533175E+04  0.288578202E+02  0.145906802E+04  0.102125167E+03  0.676939031E+04  0.732326894E+04
  1901    12    31 84600  0.387324500E-01  0.472409469E+03  0.999403367E+04  0.293420730E+02  0.146025984E+04  0.103171790E+03  0.676451656E+04  0.732290565E+04
  1902    12    31 84600  0.357598894E-01  0.458322745E+03  0.997426868E+04  0.285101655E+02  0.146007147E+04  0.102690274E+03  0.676021945E+04  0.732254302E+04
  1903    12    31 84600  0.374121296E-01  0.462743609E+03  0.997106662E+04  0.287084788E+02  0.145814744E+04  0.102240289E+03  0.675521604E+04  0.732216648E+04
  1904    12    31 84600  0.387903589E-01  0.471698829E+03  0.998090321E+04  0.293022074E+02  0.145856318E+04  0.102911960E+03  0.675047323E+04  0.732178780E+04
  1905    12    31 84600  0.374883174E-01  0.470623673E+03  0.997821932E+04  0.291771348E+02  0.145870899E+04  0.102761805E+03  0.674623625E+04  0.732140945E+04
  1906    12    31 84600  0.443208123E-01  0.507418815E+03  0.100401073E+05  0.314604986E+02  0.146417542E+04  0.104891629E+03  0.674283315E+04  0.732103497E+04
  1907    12    31 84600  0.437962275E-01  0.524204838E+03  0.100948608E+05  0.325605923E+02  0.147383564E+04  0.106678736E+03  0.674212739E+04  0.732068534E+04
  1908    12    31 84600  0.436792568E-01  0.532527240E+03  0.101465534E+05  0.330616064E+02  0.148441342E+04  0.107687961E+03  0.674357035E+04  0.732035390E+04
  1909    12    31 84600  0.419697125E-01  0.524337191E+03  0.101799604E+05  0.326622214E+02  0.149438293E+04  0.108169278E+03  0.674668526E+04  0.732003646E+04
  1910    12    31 84600  0.390102190E-01  0.507227801E+03  0.101845532E+05  0.314864862E+02  0.149828953E+04  0.106735906E+03  0.674979529E+04  0.731971586E+04
  1911    12    31 84600  0.452529002E-01  0.532915121E+03  0.102479475E+05  0.330706145E+02  0.150424191E+04  0.107964289E+03  0.675269120E+04  0.731939238E+04
  1912    12    31 84600  0.390554136E-01  0.512864531E+03  0.102506090E+05  0.318150836E+02  0.150837362E+04  0.107314829E+03  0.675680837E+04  0.731908385E+04
  1913    12    31 84600  0.434228645E-01  0.524703739E+03  0.102942573E+05  0.326106392E+02  0.151322609E+04  0.108077768E+03  0.676075955E+04  0.731877483E+04
  1914    12    31 84600  0.403522119E-01  0.516112632E+03  0.103075429E+05  0.320134555E+02  0.151636282E+04  0.107587161E+03  0.676528268E+04  0.731847493E+04
  1915    12    31 84600  0.421070938E-01  0.519999396E+03  0.103368015E+05  0.322793703E+02  0.151989784E+04  0.107950550E+03  0.676977146E+04  0.731817774E+04
  1916    12    31 84600  0.401553081E-01  0.511712733E+03  0.103466227E+05  0.317558802E+02  0.152214426E+04  0.107585925E+03  0.677449558E+04  0.731788705E+04
  1917    12    31 84600  0.475422243E-01  0.549323918E+03  0.104259510E+05  0.340525673E+02  0.152865894E+04  0.109510154E+03  0.677954411E+04  0.731760417E+04
  1918    12    31 84600  0.396262421E-01  0.523438899E+03  0.104275059E+05  0.325303752E+02  0.153454273E+04  0.109200418E+03  0.678655584E+04  0.731734795E+04
  1919    12    31 84600  0.414097487E-01  0.519463608E+03  0.104458215E+05  0.322476098E+02  0.153740918E+04  0.108714179E+03  0.679293980E+04  0.731708868E+04
  1920    12    31 84600  0.489041499E-01  0.559232111E+03  0.105342888E+05  0.347073566E+02  0.154545112E+04  0.110964438E+03  0.679988485E+04  0.731684157E+04
  1921    12    31 84600  0.391403008E-01  0.526684912E+03  0.105274384E+05  0.327373915E+02  0.155074985E+04  0.110021001E+03  0.680862747E+04  0.731662087E+04
  1922    12    31 84600  0.378540279E-01  0.499791634E+03  0.105084370E+05  0.311039632E+02  0.155050153E+04  0.108467031E+03  0.681604503E+04  0.731639128E+04
  1923    12    31 84600  0.389265118E-01  0.493688268E+03  0.105004407E+05  0.306392412E+02  0.154680220E+04  0.107289406E+03  0.682156565E+04  0.731614840E+04
  1924    12    31 84600  0.424180812E-01  0.510825973E+03  0.105257988E+05  0.316640699E+02  0.154557703E+04  0.107898546E+03  0.682628444E+04  0.731590557E+04
  1925    12    31 84600  0.427788065E-01  0.522561237E+03  0.105537234E+05  0.323994953E+02  0.154749452E+04  0.108780608E+03  0.683164910E+04  0.731567837E+04
  1926    12    31 84600  0.415609032E-01  0.519998871E+03  0.105689605E+05  0.323128460E+02  0.155079480E+04  0.109268344E+03  0.683784729E+04  0.731546751E+04
  1927    12    31 84600  0.395703259E-01  0.506496415E+03  0.105647431E+05  0.314836313E+02  0.155217252E+04  0.108735911E+03  0.684410942E+04  0.731526367E+04
  1928    12    31 84600  0.379633051E-01  0.491262890E+03  0.105455671E+05  0.304843365E+02  0.154996674E+04  0.107514475E+03  0.684936060E+04  0.731505506E+04
  1929    12    31 84600  0.384749461E-01  0.487147708E+03  0.105320155E+05  0.302108999E+02  0.154606814E+04  0.106805779E+03  0.685319087E+04  0.731483780E+04
  1930    12    31 84600  0.450978942E-01  0.522240987E+03  0.105815492E+05  0.323654367E+02  0.154737668E+04  0.108558763E+03  0.685684209E+04  0.731462606E+04
  1931    12    31 84600  0.431061406E-01  0.530427185E+03  0.106105664E+05  0.328790458E+02  0.155209346E+04  0.109615568E+03  0.686225508E+04  0.731444068E+04
  1932    12    31 84600  0.467703008E-01  0.555215968E+03  0.106731617E+05  0.344094570E+02  0.156024032E+04  0.111318675E+03  0.686898886E+04  0.731427506E+04
  1933    12    31 84600  0.442763388E-01  0.552901990E+03  0.107098209E+05  0.343594274E+02  0.156954279E+04  0.112178091E+03  0.687769527E+04  0.731413663E+04
  1934    12    31 84600  0.468499502E-01  0.562573050E+03  0.107691465E+05  0.350112017E+02  0.158034883E+04  0.113480043E+03  0.688777444E+04  0.731401893E+04
  1935    12    31 84600  0.430279093E-01  0.548721139E+03  0.107904589E+05  0.341098468E+02  0.158748924E+04  0.112855078E+03  0.689874612E+04  0.731391777E+04
  1936    12    31 84600  0.386312396E-01  0.515286124E+03  0.107693156E+05  0.320575845E+02  0.158888115E+04  0.111162648E+03  0.690898319E+04  0.731381650E+04
  1937    12    31 84600  0.341385342E-01  0.472091489E+03  0.107064388E+05  0.293849631E+02  0.158206774E+04  0.108265811E+03  0.691670088E+04  0.731369704E+04
  1938    12    31 84600  0.358367103E-01  0.460076831E+03  0.106619726E+05  0.285510222E+02  0.157106017E+04  0.106372576E+03  0.692095943E+04  0.731355049E+04
  1939    12    31 84600  0.400587240E-01  0.479637296E+03  0.106592144E+05  0.297244389E+02  0.156277305E+04  0.106629353E+03  0.692322840E+04  0.731339372E+04
  1940    12    31 84600  0.425089619E-01  0.503184509E+03  0.106796645E+05  0.312007991E+02  0.156089964E+04  0.108181588E+03  0.692589112E+04  0.731325170E+04
  1941    12    31 84600  0.360961077E-01  0.476244680E+03  0.106384623E+05  0.296439785E+02  0.155900817E+04  0.107658310E+03  0.692942082E+04  0.731312670E+04
  1942    12    31 84600  0.314860835E-01  0.436775614E+03  0.105552234E+05  0.271660204E+02  0.154950654E+04  0.104844491E+03  0.693083412E+04  0.731298315E+04
  1943    12    31 84600  0.311048595E-01  0.413522471E+03  0.104713376E+05  0.257103950E+02  0.153522644E+04  0.102580159E+03  0.692878823E+04  0.731280658E+04
  1944    12    31 84600  0.297062565E-01  0.391511998E+03  0.103770635E+05  0.243798432E+02  0.151900847E+04  0.100804179E+03  0.692385045E+04  0.731260350E+04
  1945    12    31 84600  0.231433556E-01  0.340549782E+03  0.102239077E+05  0.212730255E+02  0.149741404E+04  0.974907464E+02  0.691565274E+04  0.731236801E+04
  1946    12    31 84600  0.303864218E-01  0.360095470E+03  0.101452285E+05  0.222629837E+02  0.147468112E+04  0.960624556E+02  0.690274831E+04  0.731208150E+04
  1947    12    31 84600  0.427964164E-01  0.440314971E+03  0.101866823E+05  0.272319862E+02  0.146726417E+04  0.100149689E+03  0.688975097E+04  0.731179405E+04
  1948    12    31 84600  0.462954824E-01  0.503497163E+03  0.102598471E+05  0.311866046E+02  0.147461854E+04  0.104830328E+03  0.688128389E+04  0.731155240E+04
  1949    12    31 84600  0.413435544E-01  0.509471080E+03  0.102836391E+05  0.316134925E+02  0.148559368E+04  0.106539406E+03  0.687722517E+04  0.731134986E+04
  1950    12    31 84600  0.431124818E-01  0.521598520E+03  0.103232076E+05  0.324011016E+02  0.149674372E+04  0.107775949E+03  0.687527225E+04  0.731115934E+04
  1951    12    31 84600  0.421285351E-01  0.521653732E+03  0.103519801E+05  0.324220343E+02  0.150705187E+04  0.108404562E+03  0.687524864E+04  0.731098115E+04
  1952    12    31 84600  0.372599581E-01  0.492533615E+03  0.103335379E+05  0.306714819E+02  0.151235815E+04  0.107336662E+03  0.687601997E+04  0.731080479E+04
  1953    12    31 84600  0.371712386E-01  0.479081893E+03  0.103151355E+05  0.297332757E+02  0.151149280E+04  0.105753606E+03  0.687547898E+04  0.731060909E+04
  1954    12    31 84600  0.371376653E-01  0.469334314E+03  0.102968462E+05  0.291905592E+02  0.150951117E+04  0.105282343E+03  0.687404627E+04  0.731040173E+04
  1955    12    31 84600  0.381140075E-01  0.471502663E+03  0.102886110E+05  0.292756631E+02  0.150653604E+04  0.104880782E+03  0.687185185E+04  0.731018498E+04
  1956    12    31 84600  0.400426627E-01  0.484947300E+03  0.102990382E+05  0.300699086E+02  0.150535734E+04  0.105343130E+03  0.686948227E+04  0.730996552E+04
  1957    12    31 84600  0.455390011E-01  0.524132700E+03  0.103611527E+05  0.324644814E+02  0.151018516E+04  0.107532367E+03  0.686823189E+04  0.730975739E+04
  1958    12    31 84600  0.410180124E-01  0.520150653E+03  0.103783845E+05  0.322348812E+02  0.151644225E+04  0.108083275E+03  0.686926051E+04  0.730957270E+04
  1959    12    31 84600  0.411138800E-01  0.516987631E+03  0.103957566E+05  0.320949816E+02  0.152170385E+04  0.108282304E+03  0.687096333E+04  0.730939275E+04
  1960    12    31 84600  0.426130715E-01  0.524303063E+03  0.104267227E+05  0.325048541E+02  0.152670567E+04  0.108659304E+03  0.687314597E+04  0.730921667E+04
  1961    12    31 84600  0.457278571E-01  0.545310296E+03  0.104859854E+05  0.338228377E+02  0.153468027E+04  0.110156087E+03  0.687649755E+04  0.730905341E+04
  1962    12    31 84600  0.468009827E-01  0.562648441E+03  0.105532925E+05  0.349263171E+02  0.154553747E+04  0.111746431E+03  0.688191027E+04  0.730891362E+04
  1963    12    31 84600  0.446156555E-01  0.558416583E+03  0.105974176E+05  0.346523816E+02  0.155624010E+04  0.112260675E+03  0.688930803E+04  0.730879693E+04
  1964    12    31 84600  0.451663286E-01  0.558125022E+03  0.106450672E+05  0.347187332E+02  0.156578600E+04  0.112735167E+03  0.689757406E+04  0.730869191E+04
  1965    12    31 84600  0.397872616E-01  0.529787368E+03  0.106403567E+05  0.329025379E+02  0.156945038E+04  0.111116592E+03  0.690591407E+04  0.730859172E+04
  1966    12    31 84600  0.387326156E-01  0.507002694E+03  0.106256712E+05  0.315502418E+02  0.156855277E+04  0.109753581E+03  0.691272110E+04  0.730848028E+04
  1967    12    31 84600  0.425831279E-01  0.517111692E+03  0.106479405E+05  0.321072312E+02  0.156760655E+04  0.109745880E+03  0.691826851E+04  0.730836257E+04
  1968    12    31 84600  0.457777361E-01  0.539996957E+03  0.106995698E+05  0.335518641E+02  0.157134101E+04  0.111269781E+03  0.692437057E+04  0.730825939E+04
  1969    12    31 84600  0.447356298E-01  0.547431909E+03  0.107396115E+05  0.339806110E+02  0.157711239E+04  0.112059280E+03  0.693188134E+04  0.730817925E+04
  1970    12    31 84600  0.474253760E-01  0.566452083E+03  0.108036383E+05  0.351640293E+02  0.158551097E+04  0.113455323E+03  0.694053411E+04  0.730811833E+04
  1971    12    31 84600  0.419189601E-01  0.544929707E+03  0.108132730E+05  0.338791029E+02  0.159181910E+04  0.113013281E+03  0.695044180E+04  0.730807825E+04
  1972    12    31 84600  0.430817978E-01  0.538418240E+03  0.108333878E+05  0.334936507E+02  0.159570663E+04  0.112697830E+03  0.695988302E+04  0.730804022E+04
  1973    12    31 84600  0.398974125E-01  0.516942576E+03  0.108226701E+05  0.321592035E+02  0.159603973E+04  0.111545700E+03  0.696875037E+04  0.730800475E+04
  1974    12    31 84600  0.374261890E-01  0.491430736E+03  0.107889476E+05  0.305646983E+02  0.159168185E+04  0.109790040E+03  0.697593316E+04  0.730796018E+04
  1975    12    31 84600  0.409856596E-01  0.498821230E+03  0.107901521E+05  0.309818889E+02  0.158696602E+04  0.109473051E+03  0.698119539E+04  0.730790460E+04
  1976    12    31 84600  0.388461689E-01  0.492288486E+03  0.107712490E+05  0.305680173E+02  0.158224667E+04  0.108935710E+03  0.698573033E+04  0.730785133E+04
  1977    12    31 84600  0.416035875E-01  0.502118612E+03  0.107788720E+05  0.312060985E+02  0.158026537E+04  0.109568669E+03  0.698976150E+04  0.730780147E+04
  1978    12    31 84600  0.410594213E-01  0.506835207E+03  0.107813205E+05  0.314261409E+02  0.157892489E+04  0.109588594E+03  0.699382112E+04  0.730775968E+04
  1979    12    31 84600  0.407489875E-01  0.507553732E+03  0.107807506E+05  0.314998658E+02  0.157833533E+04  0.109733807E+03  0.699779626E+04  0.730772353E+04
  1980    12    31 84600  0.445823724E-01  0.529693293E+03  0.108164518E+05  0.328604998E+02  0.158083599E+04  0.110943256E+03  0.700204428E+04  0.730769641E+04
  1981    12    31 84600  0.465099314E-01  0.552104368E+03  0.108690822E+05  0.342556656E+02  0.158782689E+04  0.112706886E+03  0.700791291E+04  0.730769293E+04
  1982    12    31 84600  0.472897703E-01  0.567438104E+03  0.109271180E+05  0.352574183E+02  0.159804164E+04  0.114363365E+03  0.701588123E+04  0.730771766E+04
  1983    12    31 84600  0.444495726E-01  0.559845052E+03  0.109562564E+05  0.347958583E+02  0.160683069E+04  0.114519655E+03  0.702539248E+04  0.730776430E+04
  1984    12    31 84600  0.480888827E-01  0.575656035E+03  0.110186857E+05  0.357849159E+02  0.161630845E+04  0.115619491E+03  0.703558341E+04  0.730782427E+04
  1985    12    31 84600  0.448847849E-01  0.565117307E+03  0.110485088E+05  0.351553544E+02  0.162483154E+04  0.115745522E+03  0.704713601E+04  0.730790704E+04
  1986    12    31 84600  0.373222993E-01  0.517633390E+03  0.110058463E+05  0.322388950E+02  0.162482907E+04  0.113155629E+03  0.705789264E+04  0.730798928E+04
  1987    12    31 84600  0.396107545E-01  0.501707763E+03  0.109859786E+05  0.312643375E+02  0.162099468E+04  0.111907917E+03  0.706615737E+04  0.730805407E+04
  1988    12    31 84600  0.343784953E-01  0.463919987E+03  0.109173772E+05  0.289443850E+02  0.161172560E+04  0.109470610E+03  0.707225237E+04  0.730810671E+04
  1989    12    31 84600  0.380901555E-01  0.467194527E+03  0.108865227E+05  0.290159470E+02  0.160053622E+04  0.108267365E+03  0.707518531E+04  0.730813572E+04
  1990    12    31 84600  0.367652537E-01  0.461307050E+03  0.108442439E+05  0.286860363E+02  0.159078847E+04  0.107760369E+03  0.707665836E+04  0.730815976E+04
  1991    12    31 84600  0.343792063E-01  0.442614698E+03  0.107807265E+05  0.275820862E+02  0.158051642E+04  0.106723717E+03  0.707674455E+04  0.730817717E+04
  1992    12    31 84600  0.384980123E-01  0.459488042E+03  0.107587449E+05  0.284970760E+02  0.157086394E+04  0.106451634E+03  0.707487277E+04  0.730817923E+04
  1993    12    31 84600  0.411349616E-01  0.484861857E+03  0.107626343E+05  0.300428217E+02  0.156652985E+04  0.107653664E+03  0.707290551E+04  0.730818543E+04
  1994    12    31 84600  0.456464414E-01  0.523140412E+03  0.108089869E+05  0.324520721E+02  0.156999349E+04  0.110242899E+03  0.707250615E+04  0.730821187E+04
  1995    12    31 84600  0.478186637E-01  0.557313240E+03  0.108743738E+05  0.345243777E+02  0.157945803E+04  0.112689293E+03  0.707489446E+04  0.730826989E+04
  1996    12    31 84600  0.449161488E-01  0.557952797E+03  0.109098885E+05  0.346362781E+02  0.159047854E+04  0.113843391E+03  0.708004176E+04  0.730835795E+04
  1997    12    31 84600  0.413967830E-01  0.537138029E+03  0.109107398E+05  0.334004237E+02  0.159748824E+04  0.113261830E+03  0.708617104E+04  0.730845646E+04
  1998    12    31 84600  0.386195650E-01  0.508825420E+03  0.108851448E+05  0.316656031E+02  0.159869091E+04  0.111746932E+03  0.709158988E+04  0.730854860E+04
  1999    12    31 84600  0.428972437E-01  0.517572537E+03  0.109008609E+05  0.322059092E+02  0.159892587E+04  0.111778582E+03  0.709576819E+04  0.730863084E+04
  2000    12    31 84600  0.434363713E-01  0.529431794E+03  0.109215009E+05  0.328052061E+02  0.159964476E+04  0.111930600E+03  0.709993118E+04  0.730871835E+04
