  1850    12    31 84600  0.000000000E+00  0.532144406E+03  0.116738497E+05  0.332534123E+02  0.171197925E+04  0.119072875E+03  0.774369344E+04  0.803585743E+04
  1851    12    31 84600  0.000000000E+00  0.500044113E+03  0.105564930E+05  0.309104904E+02  0.154358758E+04  0.107689905E+03  0.699062471E+04  0.725538099E+04
  1852    12    31 84600  0.000000000E+00  0.456080066E+03  0.942307698E+04  0.281149423E+02  0.137704568E+04  0.968297264E+02  0.622863581E+04  0.646453446E+04
  1853    12    31 84600  0.000000000E+00  0.464421915E+03  0.975237049E+04  0.288410465E+02  0.142777570E+04  0.100478727E+03  0.644781723E+04  0.669107475E+04
  1854    12    31 84600  0.000000000E+00  0.471077133E+03  0.100464406E+05  0.292592794E+02  0.147178395E+04  0.102873869E+03  0.664870012E+04  0.689893159E+04
  1855    12    31 84600  0.000000000E+00  0.503141044E+03  0.109600008E+05  0.314482327E+02  0.160685993E+04  0.112110347E+03  0.726453641E+04  0.753783247E+04
  1856    12    31 84600  0.000000000E+00  0.489937009E+03  0.103906002E+05  0.303683632E+02  0.152033331E+04  0.106174041E+03  0.687920131E+04  0.713849294E+04
  1857    12    31 84600  0.000000000E+00  0.445057520E+03  0.922964522E+04  0.274114007E+02  0.134905646E+04  0.945865211E+02  0.610130585E+04  0.633131959E+04
  1858    12    31 84600  0.000000000E+00  0.397380548E+03  0.815143869E+04  0.244524879E+02  0.119191457E+04  0.839183728E+02  0.538125448E+04  0.558344626E+04
  1859    12    31 84600  0.000000000E+00  0.433328899E+03  0.938757271E+04  0.270673526E+02  0.137737727E+04  0.965895298E+02  0.621201935E+04  0.644402132E+04
  1860    12    31 84600  0.000000000E+00  0.467446496E+03  0.101858396E+05  0.292768759E+02  0.149413256E+04  0.104247938E+03  0.674461153E+04  0.699602031E+04
  1861    12    31 84600  0.000000000E+00  0.464958555E+03  0.100101657E+05  0.288518819E+02  0.146600192E+04  0.101888732E+03  0.662972160E+04  0.687719168E+04
  1862    12    31 84600  0.000000000E+00  0.438804937E+03  0.922660375E+04  0.271452548E+02  0.134949254E+04  0.944235819E+02  0.610268494E+04  0.633072839E+04
  1863    12    31 84600  0.000000000E+00  0.455273341E+03  0.968939256E+04  0.283555803E+02  0.141875275E+04  0.994947632E+02  0.641094942E+04  0.665007783E+04
  1864    12    31 84600  0.000000000E+00  0.466093590E+03  0.100235723E+05  0.289950912E+02  0.146795836E+04  0.102384459E+03  0.663850591E+04  0.688603392E+04
  1865    12    31 84600  0.000000000E+00  0.500921461E+03  0.109670377E+05  0.313424949E+02  0.160711844E+04  0.112024423E+03  0.727457121E+04  0.754617880E+04
  1866    12    31 84600  0.000000000E+00  0.489813439E+03  0.104140404E+05  0.303762176E+02  0.152290947E+04  0.106326881E+03  0.689933762E+04  0.715780556E+04
  1867    12    31 84600  0.000000000E+00  0.446536490E+03  0.927329700E+04  0.275130308E+02  0.135472411E+04  0.950036681E+02  0.613380858E+04  0.636391329E+04
  1868    12    31 84600  0.000000000E+00  0.400899902E+03  0.823732345E+04  0.246799556E+02  0.120398291E+04  0.847932633E+02  0.544111312E+04  0.564474507E+04
  1869    12    31 84600  0.000000000E+00  0.436363968E+03  0.945827325E+04  0.272570393E+02  0.138732504E+04  0.973130105E+02  0.626251597E+04  0.649567997E+04
  1870    12    31 84600  0.000000000E+00  0.468262572E+03  0.101816387E+05  0.293159587E+02  0.149301527E+04  0.104246136E+03  0.674462654E+04  0.699543305E+04
  1871    12    31 84600  0.000000000E+00  0.465680161E+03  0.100156904E+05  0.288938060E+02  0.146652095E+04  0.101993826E+03  0.663611668E+04  0.688332771E+04
  1872    12    31 84600  0.000000000E+00  0.439160197E+03  0.922731883E+04  0.271646572E+02  0.134939847E+04  0.944690276E+02  0.610534529E+04  0.633310913E+04
  1873    12    31 84600  0.000000000E+00  0.455816284E+03  0.969750543E+04  0.283894880E+02  0.141985502E+04  0.996191028E+02  0.641860555E+04  0.665768691E+04
  1874    12    31 84600  0.000000000E+00  0.467169060E+03  0.100471029E+05  0.290645978E+02  0.147138577E+04  0.102655478E+03  0.665661644E+04  0.690454572E+04
  1875    12    31 84600  0.000000000E+00  0.502980519E+03  0.110166631E+05  0.314772124E+02  0.161443584E+04  0.112559344E+03  0.731060505E+04  0.758334739E+04
  1876    12    31 84600  0.000000000E+00  0.491874703E+03  0.104568203E+05  0.305050468E+02  0.152909887E+04  0.106785770E+03  0.693021515E+04  0.718974329E+04
  1877    12    31 84600  0.000000000E+00  0.449157871E+03  0.932884502E+04  0.276784449E+02  0.136278027E+04  0.956014459E+02  0.617259825E+04  0.640414645E+04
  1878    12    31 84600  0.000000000E+00  0.403810291E+03  0.829972296E+04  0.248615552E+02  0.121306440E+04  0.854582552E+02  0.548402945E+04  0.568931353E+04
  1879    12    31 84600  0.000000000E+00  0.439171497E+03  0.951817399E+04  0.274325505E+02  0.139613464E+04  0.979603662E+02  0.630425969E+04  0.653908683E+04
  1880    12    31 84600  0.000000000E+00  0.470737152E+03  0.102291814E+05  0.294696881E+02  0.149998855E+04  0.104773680E+03  0.677806347E+04  0.703028967E+04
  1881    12    31 84600  0.000000000E+00  0.469433824E+03  0.101001927E+05  0.291343730E+02  0.147895949E+04  0.102888846E+03  0.669427988E+04  0.694388246E+04
  1882    12    31 84600  0.000000000E+00  0.444043750E+03  0.933719050E+04  0.274740918E+02  0.136549628E+04  0.956119564E+02  0.618007703E+04  0.641090398E+04
  1883    12    31 84600  0.000000000E+00  0.460108026E+03  0.978633321E+04  0.286545951E+02  0.143281838E+04  0.100553352E+03  0.647921963E+04  0.672092280E+04
  1884    12    31 84600  0.000000000E+00  0.471372290E+03  0.101321311E+05  0.293259598E+02  0.148381136E+04  0.103562735E+03  0.671469498E+04  0.696522168E+04
  1885    12    31 84600  0.000000000E+00  0.508621675E+03  0.111438503E+05  0.318365288E+02  0.163316488E+04  0.113895912E+03  0.739743240E+04  0.767394784E+04
  1886    12    31 84600  0.000000000E+00  0.496933196E+03  0.105594576E+05  0.308170350E+02  0.154404617E+04  0.107858862E+03  0.699996598E+04  0.726269455E+04
  1887    12    31 84600  0.000000000E+00  0.455300568E+03  0.946128605E+04  0.280642981E+02  0.138213377E+04  0.969907023E+02  0.626187098E+04  0.649734332E+04
  1888    12    31 84600  0.000000000E+00  0.411323509E+03  0.846566553E+04  0.253332031E+02  0.123735166E+04  0.871837363E+02  0.559533546E+04  0.580534645E+04
  1889    12    31 84600  0.000000000E+00  0.445717131E+03  0.965406490E+04  0.278360485E+02  0.141602795E+04  0.993812054E+02  0.639584559E+04  0.663478724E+04
  1890    12    31 84600  0.000000000E+00  0.475617968E+03  0.103142388E+05  0.297622923E+02  0.151234825E+04  0.105695284E+03  0.683532097E+04  0.709047057E+04
  1891    12    31 84600  0.000000000E+00  0.473213920E+03  0.101664499E+05  0.293611141E+02  0.148862756E+04  0.103616728E+03  0.673888638E+04  0.699093490E+04
  1892    12    31 84600  0.000000000E+00  0.446996254E+03  0.938885349E+04  0.276525587E+02  0.137306210E+04  0.961902106E+02  0.621462384E+04  0.644744969E+04
  1893    12    31 84600  0.000000000E+00  0.462644796E+03  0.983225708E+04  0.288080778E+02  0.143960809E+04  0.101066261E+03  0.650996447E+04  0.675353027E+04
  1894    12    31 84600  0.000000000E+00  0.473851215E+03  0.101800369E+05  0.294793681E+02  0.149092701E+04  0.104088231E+03  0.674681059E+04  0.699925703E+04
  1895    12    31 84600  0.000000000E+00  0.511527974E+03  0.112068942E+05  0.320194320E+02  0.164255142E+04  0.114566639E+03  0.743994046E+04  0.771883149E+04
  1896    12    31 84600  0.000000000E+00  0.499152538E+03  0.106011360E+05  0.309520011E+02  0.155018391E+04  0.108306466E+03  0.702783480E+04  0.729236376E+04
  1897    12    31 84600  0.000000000E+00  0.457068823E+03  0.949383467E+04  0.281719005E+02  0.138692122E+04  0.973490609E+02  0.628346189E+04  0.652041261E+04
  1898    12    31 84600  0.000000000E+00  0.413591100E+03  0.851397546E+04  0.254752374E+02  0.124448184E+04  0.877002673E+02  0.562743592E+04  0.583923051E+04
  1899    12    31 84600  0.000000000E+00  0.448411668E+03  0.971510287E+04  0.280062185E+02  0.142507286E+04  0.100021544E+03  0.643667732E+04  0.667779570E+04
  1900    12    31 84600  0.000000000E+00  0.478092326E+03  0.103650841E+05  0.299157327E+02  0.151983689E+04  0.106229966E+03  0.686923862E+04  0.712635717E+04
  1901    12    31 84600  0.000000000E+00  0.475911344E+03  0.102237015E+05  0.295299149E+02  0.149704839E+04  0.104215667E+03  0.677708099E+04  0.703125596E+04
  1902    12    31 84600  0.000000000E+00  0.449928712E+03  0.945188067E+04  0.278359342E+02  0.138230751E+04  0.968471716E+02  0.625658461E+04  0.649163358E+04
  1903    12    31 84600  0.000000000E+00  0.465296682E+03  0.988645525E+04  0.289717451E+02  0.144754429E+04  0.101636140E+03  0.654597842E+04  0.679157747E+04
  1904    12    31 84600  0.000000000E+00  0.476702578E+03  0.102405599E+05  0.296577614E+02  0.149981489E+04  0.104723229E+03  0.678711031E+04  0.704177537E+04
  1905    12    31 84600  0.000000000E+00  0.469989141E+03  0.990729482E+04  0.291787285E+02  0.144931588E+04  0.101531310E+03  0.655896506E+04  0.680540924E+04
  1906    12    31 84600  0.000000000E+00  0.526013933E+03  0.116692186E+05  0.329490002E+02  0.171154696E+04  0.119158773E+03  0.775418218E+04  0.804574127E+04
  1907    12    31 84600  0.000000000E+00  0.533347141E+03  0.115369247E+05  0.332242825E+02  0.168841830E+04  0.117735872E+03  0.766084420E+04  0.795049730E+04
  1908    12    31 84600  0.000000000E+00  0.537187163E+03  0.115082640E+05  0.334369666E+02  0.168315814E+04  0.117840377E+03  0.763909971E+04  0.792925265E+04
  1909    12    31 84600  0.000000000E+00  0.519664690E+03  0.110601743E+05  0.322097816E+02  0.161719001E+04  0.113317835E+03  0.733918331E+04  0.761890556E+04
  1910    12    31 84600  0.000000000E+00  0.496705437E+03  0.103058787E+05  0.307844634E+02  0.150598312E+04  0.106344610E+03  0.682142581E+04  0.708165768E+04
  1911    12    31 84600  0.000000000E+00  0.546581025E+03  0.119170653E+05  0.341588128E+02  0.174717073E+04  0.122281276E+03  0.791344757E+04  0.821491781E+04
  1912    12    31 84600  0.000000000E+00  0.500334473E+03  0.103209402E+05  0.308828077E+02  0.150756468E+04  0.105865035E+03  0.682886137E+04  0.708985682E+04
  1913    12    31 84600  0.000000000E+00  0.531236051E+03  0.114444509E+05  0.330664858E+02  0.167674674E+04  0.117408277E+03  0.759278508E+04  0.788269683E+04
  1914    12    31 84600  0.000000000E+00  0.510906983E+03  0.106584327E+05  0.316718924E+02  0.155848773E+04  0.109510753E+03  0.705540598E+04  0.732526478E+04
  1915    12    31 84600  0.000000000E+00  0.522226914E+03  0.111085948E+05  0.324296131E+02  0.162639535E+04  0.113923811E+03  0.736236174E+04  0.764383386E+04
  1916    12    31 84600  0.000000000E+00  0.506735491E+03  0.106060021E+05  0.313850033E+02  0.155132408E+04  0.108881229E+03  0.702089126E+04  0.728951590E+04
  1917    12    31 84600  0.000000000E+00  0.568787033E+03  0.125134779E+05  0.356385645E+02  0.183567367E+04  0.128194419E+03  0.831252341E+04  0.863048387E+04
  1918    12    31 84600  0.000000000E+00  0.507292198E+03  0.104685798E+05  0.312496207E+02  0.152863154E+04  0.107124696E+03  0.692724315E+04  0.719345618E+04
  1919    12    31 84600  0.000000000E+00  0.517141960E+03  0.109291664E+05  0.321004738E+02  0.159956486E+04  0.112458797E+03  0.723935774E+04  0.751722250E+04
  1920    12    31 84600  0.000000000E+00  0.579205594E+03  0.128600812E+05  0.363190122E+02  0.188738575E+04  0.131670722E+03  0.854953564E+04  0.887769763E+04
  1921    12    31 84600  0.000000000E+00  0.505875695E+03  0.103463646E+05  0.311434334E+02  0.151007449E+04  0.106129153E+03  0.684136377E+04  0.710522409E+04
  1922    12    31 84600  0.000000000E+00  0.483147301E+03  0.100061877E+05  0.298210062E+02  0.146312593E+04  0.103068488E+03  0.661714503E+04  0.687172815E+04
  1923    12    31 84600  0.000000000E+00  0.490045911E+03  0.102890953E+05  0.304340119E+02  0.150676250E+04  0.106066040E+03  0.680556933E+04  0.706642508E+04
  1924    12    31 84600  0.000000000E+00  0.520354026E+03  0.111949726E+05  0.324412768E+02  0.164126799E+04  0.114768284E+03  0.741661187E+04  0.770026006E+04
  1925    12    31 84600  0.000000000E+00  0.529240942E+03  0.112906560E+05  0.329099183E+02  0.165343034E+04  0.115486367E+03  0.747935917E+04  0.776573528E+04
  1926    12    31 84600  0.000000000E+00  0.518506491E+03  0.109711409E+05  0.321362575E+02  0.160524814E+04  0.112235389E+03  0.726597538E+04  0.754463791E+04
  1927    12    31 84600  0.000000000E+00  0.498426511E+03  0.104533420E+05  0.308619497E+02  0.152896884E+04  0.107292392E+03  0.691785810E+04  0.718327991E+04
  1928    12    31 84600  0.000000000E+00  0.481965931E+03  0.100385227E+05  0.298257947E+02  0.146845487E+04  0.103262490E+03  0.663732330E+04  0.689155566E+04
  1929    12    31 84600  0.000000000E+00  0.484687430E+03  0.101736955E+05  0.300388035E+02  0.148937238E+04  0.104528979E+03  0.672749597E+04  0.698443929E+04
  1930    12    31 84600  0.000000000E+00  0.540495050E+03  0.118869471E+05  0.338386812E+02  0.174403346E+04  0.121543763E+03  0.788592918E+04  0.818671718E+04
  1931    12    31 84600  0.000000000E+00  0.535131099E+03  0.113762800E+05  0.332365488E+02  0.166443530E+04  0.116174452E+03  0.753661070E+04  0.782513481E+04
  1932    12    31 84600  0.000000000E+00  0.568655737E+03  0.123219826E+05  0.354702526E+02  0.180448450E+04  0.125987598E+03  0.817656434E+04  0.849028601E+04
  1933    12    31 84600  0.000000000E+00  0.551559738E+03  0.116764486E+05  0.341760313E+02  0.170693088E+04  0.119410880E+03  0.773938218E+04  0.803753744E+04
  1934    12    31 84600  0.000000000E+00  0.567767819E+03  0.123301546E+05  0.353732326E+02  0.180560290E+04  0.126272419E+03  0.818854982E+04  0.850471763E+04
  1935    12    31 84600  0.000000000E+00  0.540502628E+03  0.113527052E+05  0.335175466E+02  0.165962643E+04  0.116821420E+03  0.751980776E+04  0.781088739E+04
  1936    12    31 84600  0.000000000E+00  0.494442150E+03  0.102105165E+05  0.304759522E+02  0.149218832E+04  0.105121497E+03  0.675167946E+04  0.701275583E+04
  1937    12    31 84600  0.000000000E+00  0.444025978E+03  0.904119399E+04  0.272963600E+02  0.132179441E+04  0.933521967E+02  0.596744765E+04  0.619719838E+04
  1938    12    31 84600  0.000000000E+00  0.452835020E+03  0.948507154E+04  0.280747688E+02  0.139005020E+04  0.978401278E+02  0.626591354E+04  0.650548255E+04
  1939    12    31 84600  0.000000000E+00  0.490452989E+03  0.105863305E+05  0.306062633E+02  0.155341192E+04  0.108561665E+03  0.700529586E+04  0.727191680E+04
  1940    12    31 84600  0.000000000E+00  0.515883634E+03  0.112193391E+05  0.321848117E+02  0.164519321E+04  0.114400596E+03  0.743373036E+04  0.771670565E+04
  1941    12    31 84600  0.000000000E+00  0.459670008E+03  0.954856344E+04  0.283040294E+02  0.139574646E+04  0.975413201E+02  0.631175906E+04  0.655256281E+04
  1942    12    31 84600  0.000000000E+00  0.410910710E+03  0.834812373E+04  0.252716734E+02  0.122014480E+04  0.860550652E+02  0.550631019E+04  0.571570571E+04
  1943    12    31 84600  0.000000000E+00  0.398946875E+03  0.824707570E+04  0.246257578E+02  0.120755153E+04  0.849250005E+02  0.544102119E+04  0.564651473E+04
  1944    12    31 84600  0.000000000E+00  0.377998245E+03  0.787708166E+04  0.233316056E+02  0.115399514E+04  0.808290790E+02  0.519749386E+04  0.539263425E+04
  1945    12    31 84600  0.000000000E+00  0.306035432E+03  0.615203724E+04  0.187075703E+02  0.900146818E+03  0.632108072E+02  0.405010719E+04  0.420126651E+04
  1946    12    31 84600  0.000000000E+00  0.370802731E+03  0.805850863E+04  0.233100704E+02  0.118390464E+04  0.830323096E+02  0.531955742E+04  0.551613713E+04
  1947    12    31 84600  0.000000000E+00  0.472413079E+03  0.112790129E+05  0.300213495E+02  0.166088475E+04  0.114074764E+03  0.749275172E+04  0.776896688E+04
  1948    12    31 84600  0.000000000E+00  0.532491958E+03  0.121851542E+05  0.335499806E+02  0.178735546E+04  0.122885139E+03  0.810284082E+04  0.840413763E+04
  1949    12    31 84600  0.000000000E+00  0.512897322E+03  0.109114907E+05  0.318284639E+02  0.159269042E+04  0.110904559E+03  0.723356159E+04  0.750517820E+04
  1950    12    31 84600  0.000000000E+00  0.528321353E+03  0.113662346E+05  0.328941494E+02  0.166103625E+04  0.116215140E+03  0.754188405E+04  0.782628867E+04
  1951    12    31 84600  0.000000000E+00  0.521685239E+03  0.111107006E+05  0.324093566E+02  0.162329255E+04  0.113751290E+03  0.736866863E+04  0.764766414E+04
  1952    12    31 84600  0.000000000E+00  0.474606131E+03  0.984622206E+04  0.292750834E+02  0.143733610E+04  0.101107279E+03  0.651658338E+04  0.676386084E+04
  1953    12    31 84600  0.000000000E+00  0.470917907E+03  0.982857247E+04  0.291999302E+02  0.143720729E+04  0.101382720E+03  0.650159705E+04  0.674776362E+04
  1954    12    31 84600  0.000000000E+00  0.463646334E+03  0.981358532E+04  0.287030123E+02  0.143651336E+04  0.100630361E+03  0.649624636E+04  0.674167565E+04
  1955    12    31 84600  0.000000000E+00  0.472745658E+03  0.100710260E+05  0.294145105E+02  0.147509337E+04  0.103443984E+03  0.666738547E+04  0.691891732E+04
  1956    12    31 84600  0.000000000E+00  0.492475852E+03  0.105743692E+05  0.306911145E+02  0.154916343E+04  0.108317961E+03  0.700492527E+04  0.726903225E+04
  1957    12    31 84600  0.000000000E+00  0.544360165E+03  0.119972620E+05  0.341124369E+02  0.175917361E+04  0.122489829E+03  0.796598284E+04  0.826679027E+04
  1958    12    31 84600  0.000000000E+00  0.517757243E+03  0.108334625E+05  0.320380436E+02  0.158260257E+04  0.110649197E+03  0.717378832E+04  0.744607182E+04
  1959    12    31 84600  0.000000000E+00  0.515124000E+03  0.108543458E+05  0.319042237E+02  0.158687718E+04  0.111209011E+03  0.719018979E+04  0.746347240E+04
  1960    12    31 84600  0.000000000E+00  0.528495416E+03  0.112436754E+05  0.328669398E+02  0.164517931E+04  0.115322415E+03  0.745212975E+04  0.773562139E+04
  1961    12    31 84600  0.000000000E+00  0.556744281E+03  0.120469723E+05  0.347052319E+02  0.176420291E+04  0.123252986E+03  0.799629245E+04  0.830104785E+04
  1962    12    31 84600  0.000000000E+00  0.572197587E+03  0.123255534E+05  0.356475681E+02  0.180391811E+04  0.126093288E+03  0.818273930E+04  0.849584054E+04
  1963    12    31 84600  0.000000000E+00  0.555959759E+03  0.117603311E+05  0.344738749E+02  0.171905747E+04  0.120468842E+03  0.779944168E+04  0.809912166E+04
  1964    12    31 84600  0.000000000E+00  0.557959737E+03  0.119003001E+05  0.346330845E+02  0.174119013E+04  0.122174525E+03  0.789521543E+04  0.819907952E+04
  1965    12    31 84600  0.000000000E+00  0.511882305E+03  0.105158638E+05  0.316065314E+02  0.153595491E+04  0.108368477E+03  0.695466375E+04  0.722260829E+04
  1966    12    31 84600  0.000000000E+00  0.493002556E+03  0.102375374E+05  0.304418923E+02  0.149754759E+04  0.105423550E+03  0.677108707E+04  0.703116351E+04
  1967    12    31 84600  0.000000000E+00  0.522742962E+03  0.112354352E+05  0.326080494E+02  0.164729572E+04  0.115536063E+03  0.744503013E+04  0.773015503E+04
  1968    12    31 84600  0.000000000E+00  0.552121496E+03  0.120594117E+05  0.344878980E+02  0.176866218E+04  0.123382476E+03  0.800342045E+04  0.831006887E+04
  1969    12    31 84600  0.000000000E+00  0.551625419E+03  0.117952073E+05  0.343342378E+02  0.172683090E+04  0.120803053E+03  0.782035912E+04  0.812088070E+04
  1970    12    31 84600  0.000000000E+00  0.576771985E+03  0.124894499E+05  0.359702279E+02  0.182955134E+04  0.127920954E+03  0.828996732E+04  0.860914126E+04
  1971    12    31 84600  0.000000000E+00  0.531818567E+03  0.110676255E+05  0.328457404E+02  0.161710956E+04  0.113531061E+03  0.732660479E+04  0.760954722E+04
  1972    12    31 84600  0.000000000E+00  0.534679517E+03  0.113638935E+05  0.331899498E+02  0.166360113E+04  0.116853908E+03  0.753013638E+04  0.782063653E+04
  1973    12    31 84600  0.000000000E+00  0.504007630E+03  0.105395667E+05  0.311792208E+02  0.154193380E+04  0.108430076E+03  0.697374764E+04  0.724257301E+04
  1974    12    31 84600  0.000000000E+00  0.475804140E+03  0.989720558E+04  0.293947090E+02  0.144838250E+04  0.101939925E+03  0.654252605E+04  0.679397564E+04
  1975    12    31 84600  0.000000000E+00  0.502933589E+03  0.108219535E+05  0.313382542E+02  0.158717616E+04  0.111275336E+03  0.716587279E+04  0.744013330E+04
  1976    12    31 84600  0.000000000E+00  0.488403347E+03  0.102714480E+05  0.302785879E+02  0.150402336E+04  0.105367236E+03  0.679211572E+04  0.705174944E+04
  1977    12    31 84600  0.000000000E+00  0.507498024E+03  0.109800345E+05  0.316014066E+02  0.160977670E+04  0.112352582E+03  0.727465833E+04  0.755230384E+04
  1978    12    31 84600  0.000000000E+00  0.509542815E+03  0.108459933E+05  0.316982010E+02  0.158827523E+04  0.111197954E+03  0.717941697E+04  0.745351614E+04
  1979    12    31 84600  0.000000000E+00  0.507971309E+03  0.107656967E+05  0.315067579E+02  0.157583005E+04  0.110240626E+03  0.712519054E+04  0.739716029E+04
  1980    12    31 84600  0.000000000E+00  0.541672724E+03  0.117578779E+05  0.338134793E+02  0.172304156E+04  0.120319164E+03  0.779545314E+04  0.809303070E+04
  1981    12    31 84600  0.000000000E+00  0.564174615E+03  0.122556861E+05  0.351998751E+02  0.179503825E+04  0.125168412E+03  0.813163929E+04  0.844292731E+04
  1982    12    31 84600  0.000000000E+00  0.575785069E+03  0.124554004E+05  0.358660431E+02  0.182314857E+04  0.127296752E+03  0.826676758E+04  0.858447472E+04
  1983    12    31 84600  0.000000000E+00  0.555404070E+03  0.117247526E+05  0.344473466E+02  0.171380809E+04  0.120265365E+03  0.776926437E+04  0.806888203E+04
  1984    12    31 84600  0.000000000E+00  0.584208306E+03  0.126621611E+05  0.364494015E+02  0.185451292E+04  0.129937753E+03  0.840509140E+04  0.872951558E+04
  1985    12    31 84600  0.000000000E+00  0.559008095E+03  0.118347337E+05  0.346659392E+02  0.173069354E+04  0.121400354E+03  0.784422287E+04  0.814786592E+04
  1986    12    31 84600  0.000000000E+00  0.486594047E+03  0.987685473E+04  0.299121169E+02  0.144201723E+04  0.101895315E+03  0.652268281E+04  0.677505687E+04
  1987    12    31 84600  0.000000000E+00  0.492516955E+03  0.104613122E+05  0.305472727E+02  0.153288269E+04  0.107756615E+03  0.692400568E+04  0.719048699E+04
  1988    12    31 84600  0.000000000E+00  0.440319447E+03  0.910124448E+04  0.271525152E+02  0.133213359E+04  0.938016995E+02  0.601020842E+04  0.624068586E+04
  1989    12    31 84600  0.000000000E+00  0.469034397E+03  0.100707890E+05  0.292733790E+02  0.147777210E+04  0.103794232E+03  0.666066924E+04  0.691447104E+04
  1990    12    31 84600  0.000000000E+00  0.457893949E+03  0.972583687E+04  0.283938508E+02  0.142555775E+04  0.996099147E+02  0.642970257E+04  0.667396551E+04
  1991    12    31 84600  0.000000000E+00  0.431545979E+03  0.909954705E+04  0.266925848E+02  0.133294266E+04  0.932290007E+02  0.601299055E+04  0.624083082E+04
  1992    12    31 84600  0.000000000E+00  0.468669191E+03  0.101776494E+05  0.293371746E+02  0.149325926E+04  0.104535163E+03  0.673435369E+04  0.698852219E+04
  1993    12    31 84600  0.000000000E+00  0.498489815E+03  0.108653602E+05  0.311420060E+02  0.159316778E+04  0.110888543E+03  0.719580650E+04  0.746720524E+04
  1994    12    31 84600  0.000000000E+00  0.542573074E+03  0.120304391E+05  0.339760390E+02  0.176400000E+04  0.122423989E+03  0.798431096E+04  0.828616190E+04
  1995    12    31 84600  0.000000000E+00  0.575286410E+03  0.125964839E+05  0.359922924E+02  0.184436859E+04  0.128380801E+03  0.836262462E+04  0.868046471E+04
  1996    12    31 84600  0.000000000E+00  0.558321597E+03  0.118464432E+05  0.346022216E+02  0.173067772E+04  0.120929679E+03  0.785338605E+04  0.815355662E+04
  1997    12    31 84600  0.000000000E+00  0.524502069E+03  0.109332205E+05  0.323978390E+02  0.159654520E+04  0.112202847E+03  0.723738411E+04  0.751468479E+04
  1998    12    31 84600  0.000000000E+00  0.491440104E+03  0.102086102E+05  0.303368062E+02  0.149189898E+04  0.105046233E+03  0.675210041E+04  0.701054365E+04
  1999    12    31 84600  0.000000000E+00  0.522334879E+03  0.113153625E+05  0.325813492E+02  0.165867589E+04  0.116332034E+03  0.750079593E+04  0.778707048E+04
  2000    12    31 84600  0.000000000E+00  0.536139246E+03  0.114662959E+05  0.334463416E+02  0.167937728E+04  0.117721611E+03  0.759503432E+04  0.788493413E+04
